812
90.00	89.00	80.00	87.00	60.00	69.00	3.71
79.00	59.00	69.00	78.00	80.00	89.00	3.58
78.00	79.00	69.00	79.00	79.00	80.00	3.71
80.00	79.00	80.00	98.00	79.00	80.00	3.92
89.00	86.00	88.00	85.00	80.00	87.00	4.00
87.00	99.00	87.00	57.00	57.00	74.00	3.50
87.00	4.00
87.00	99.00	87.00	57.00	57.00	74.00	3.50
811
87.00	97.00	67.00	87.00	87.00	87.00	3.88
68.00	78.00	98.00	79.00	78.00	78.00	3.71
98.00	68.00	58.00	86.00	97.00	67.00	3.54
86.00	84.00	63.00	68.00	68.00	58.00	3.38
83.00	85.00	58.00	85.00	48.00	49.00	3.21
68.00	48.00	59.00	80.00	60.00	50.00	2.96
68.00	3.25
68.00	48.00	59.00	80.00	60.00	50.00	2.96
